11100000 0.00011636292323522439 0.000116
11100100 0.004087596767406962 0.004088
11100000 0.00417417078229397 0.004174
11100100 0.004230955888832759 0.004231
11100000 0.004284637984085276 0.004285
11100100 0.008128338064391208 0.008128
11100000 0.008210878164606061 0.008211
11100100 0.00826766327114485 0.008268
11100000 0.008320414463011485 0.008320
11100100 0.012182422309906425 0.012182
11100000 0.012271789034951078 0.012272
11100100 0.012329194743747123 0.012329
11100000 0.012383497441256894 0.012383
11100100 0.016260089441197313 0.016260
11100000 0.016351628274142358 0.016352
11100100 0.016409964886324284 0.016410
11100000 0.016464267583834055 0.016464
11100100 0.020482977500685763 0.020483
11100000 0.02056489699864336 0.020565
11100100 0.02062168210518215 0.020622
11100000 0.02067505389930604 0.020675
11100100 0.024580503904208798 0.024581
11100000 0.024661492498780514 0.024661
11100100 0.024719208508705185 0.024719
11100000 0.024772890603957702 0.024773
11100100 0.028617831888778145 0.028618
11100000 0.02869913078447849 0.028699
11100100 0.028755915891017277 0.028756
11100000 0.02880990828739842 0.028810
11100100 0.032650505356418086 0.032651
11100000 0.032731183649861176 0.032731
11100100 0.032787968756399964 0.032788
11100000 0.03284134055052385 0.032841
11100100 0.03686005046737556 0.036860
11100000 0.0369401081585614 0.036940
11100100 0.03699689326510019 0.036997
11100000 0.037050265059224076 0.037050
11100100 0.04094485452462488 0.040945
11100000 0.041025843119196596 0.041026
11100100 0.04108542093589303 0.041085
11100000 0.04113848242888829 0.041138
11100100 0.045073100739882015 0.045073
11100000 0.04516494987395568 0.045165
11100100 0.04522235558275173 0.045222
11100000 0.049151698774558786 0.049152
11100100 0.049241065499603436 0.049241
11100000 0.04929878150952811 0.049299
11100100 0.049352153303651995 0.049352
11100000 0.053217264161833214 0.053217
11100100 0.05328211709771631 0.053282
11100000 0.053337350698611966 0.053337
11100100 0.05338886068596409 0.053389
11100000 0.05732875411614447 0.057329
11100100 0.05739608946105659 0.057396
11100000 0.05744822005066597 0.057448
11100100 0.057499109435760844 0.057499
11100000 0.0614216260027381 0.061422
11100100 0.061493305563451 0.061493
11100000 0.061545746454189004 0.061546
11100100 0.06159725644154113 0.061597
11100000 0.0655414940875223 0.065541
11100100 0.06562372388660852 0.065624
11100000 0.06568081929427594 0.065681
11100100 0.06573357048614258 0.065734
11100000 0.0696387101899167 0.069639
11100100 0.06971876788110254 0.069719
11100000 0.06977555298764133 0.069776
11100100 0.06982892478176522 0.069829
11100000 0.07365586860112527 0.073656
11100100 0.07373654689456836 0.073737
11100000 0.07379333200110716 0.073793
11100100 0.07384639349410242 0.073846
11100000 0.07782786727551885 0.077828
11100100 0.07792219881862154 0.077922
11100000 0.07797960452741759 0.077980
11100100 0.07803297632154148 0.078033
11100000 0.08192632458242777 0.081926
11100100 0.08200607197248498 0.082006
11100000 0.08206254677789514 0.082063
11100100 0.08211529796976177 0.082115
11100000 0.08591648679544578 0.085916
11100100 0.08606512103605823 0.086065
11100000 0.08613400788661349 0.086134
11100100 0.08619234449879541 0.086192
11100000 0.0900788661348519 0.090079
11100100 0.09015923412716637 0.090159
11100000 0.09021632953483379 0.090216
11100100 0.09026939102782905 0.090269
11100000 0.09414101820971144 0.094141
11100100 0.0942452793889302 0.094245
11100000 0.09430299539885487 0.094303
11100100 0.09435636719297875 0.094356
11100000 0.09823854461323447 0.098239
11100100 0.09835832084888459 0.098358
11100000 0.09841603685880926 0.098416
11100100 0.09847064985744766 0.098471
11100000 0.10232769288628457 0.102328
11100100 0.10244157340049077 0.102442
11100000 0.10249928941041545 0.102499
11100100 0.10255266120453933 0.102553
11100000 0.10640287760854644 0.106403
11100100 0.106513965412595 0.106514
11100000 0.10657137112139105 0.106571
11100100 0.10662567381890081 0.106626
11100000 0.1106167669353047 0.110617
11100100 0.11071171908066464 0.110712
11100000 0.11076943509058931 0.110769
11100100 0.11082342748697045 0.110823
11100000 0.11469846798126775 0.114698
11100100 0.11477976687696809 0.114780
11100000 0.11483717258576413 0.114837
11100100 0.11866908122318223 0.118669
11100000 0.11875224192565434 0.118752
11100100 0.11880902703219312 0.118809
11100000 0.11886239882631701 0.118862
11100100 0.1228876250668699 0.122888
11100000 0.12296861366144161 0.122969
11100100 0.12302601937023766 0.123026
11100000 0.12308125297113331 0.123081
11100100 0.12698887508393647 0.126989
11100000 0.1270903435529976 0.127090
11100100 0.1271486801651795 0.127149
11100000 0.12720236226043202 0.127202
11100100 0.13106964522651363 0.131070
11100000 0.1311503235199567 0.131150
11100100 0.13120741892762414 0.131207
11100000 0.13126110102287664 0.131261
11100100 0.13521837131626016 0.135218
11100000 0.1352999805130891 0.135300
11100100 0.13535738622188517 0.135357
11100000 0.13541293012390945 0.135413
11100100 0.13926687014146008 0.139267
11100000 0.13935313385521847 0.139353
11100100 0.13940960866062863 0.139410
11100000 0.13946360105700978 0.139464
11100100 0.1433879794307588 0.143388
11100000 0.1434698989287164 0.143470
11100100 0.14352730463751243 0.143527
11100000 0.14358129703389358 0.143581
11100100 0.14746999077785045 0.147470
11100000 0.14755377208257983 0.147554
11100100 0.14761086749024724 0.147611
11100000 0.14766548048888564 0.147665
11100100 0.15155138152268488 0.151551
11100000 0.1516348525262856 0.151635
11100100 0.15169318913846755 0.151693
11100000 0.2784965041474849 0.278497
11100100 0.2825471750805852 0.282547
11100000 0.28267719125348 0.282677
11100100 0.2827345969622761 0.282735
11100000 0.2827885893586572 0.282789
10100000 0.3031133132837431 0.303113
11100000 0.30322440108779164 0.303224
10100000 0.3032842892056167 0.303284
10000000 0.31538510231869415 0.315385
00000000 0.3646022746313933 0.364602
10000000 5.505264258647161 5.505264
00000000 5.505403583853915 5.505404
10000000 5.505461920466097 5.505462
00000000 5.505515912862478 5.505516
10000000 5.509274280132412 5.509274
00000000 5.509399952089505 5.509400
10000000 5.5094589093039446 5.509459
00000000 5.509513212001455 5.509513
10000000 5.513426419534573 5.513426
00000000 5.513509580237045 5.513510
10000000 5.513573191968414 5.513573
00000000 5.513626874063666 5.513627
10000000 5.517536047682112 5.517536
00000000 5.5176167259755555 5.517617
10000000 5.517673821383223 5.517674
00000000 5.517727503478476 5.517728
10000000 5.521619610534847 5.521620
00000000 5.521699978527161 5.521700
10000000 5.5217567636337 5.521757
00000000 5.52181106633121 5.521811
10000000 5.525724273864329 5.525724
00000000 5.525826362935647 5.525826
10000000 5.5258837686444435 5.525884
00000000 5.529814663341893 5.529815
10000000 5.5298956519364655 5.529896
00000000 5.5299536782475185 5.529954
10000000 5.5300076706439 5.530008
00000000 5.533804515253783 5.533805
10000000 5.533889537763026 5.533890
00000000 5.533946943471823 5.533947
10000000 5.5340003152659465 5.534000
00000000 5.832903462836475 5.832903
10000000 5.833037512924042 5.833038
00000000 5.833094918632838 5.833095
10000000 5.833148290426962 5.833148
00000000 5.837028295739317 5.837028
10000000 5.837108663731631 5.837109
00000000 5.837165448838171 5.837165
10000000 6.893728379768863 6.893728
00000000 6.893858706242886 6.893859
10000000 6.893915491349425 6.893915
00000000 6.893969794046935 6.893970
10000000 6.897817217740784 6.897817
00000000 6.897901929948899 6.897902
10000000 6.897958715055438 6.897959
00000000 6.901896436377719 6.901896
10000000 6.901978355875676 6.901978
00000000 6.902035140982215 6.902035
10000000 6.902089443679724 6.902089
00000000 6.905986205253026 6.905986
10000000 6.906069676256626 6.906070
00000000 6.906127081965423 6.906127
10000000 6.906180764060675 6.906181
00000000 6.910155411217262 6.910155
10000000 6.9102916334127285 6.910292
00000000 6.910349659723782 6.910350
10000000 6.910403341819035 6.910403
00000000 6.914238974069996 6.914239
10000000 6.914320583266825 6.914321
00000000 6.914377678674493 6.914378
10000000 6.91443042986636 6.914430
00000000 6.918353256734465 6.918353
10000000 6.918454725203526 6.918455
00000000 6.91861453028477 6.918615
10000000 6.918671315391308 6.918671
00000000 6.922493914994868 6.922494
10000000 6.922575213890568 6.922575
00000000 6.922631688695978 6.922632
10000000 6.92268537079123 6.922685
00000000 6.926596716517577 6.926597
10000000 6.9266798772200495 6.926680
00000000 6.926737282928845 6.926737
10000000 6.926791275325226 6.926791
00000000 6.930695794426743 6.930696
10000000 6.930777713924701 6.930778
00000000 6.930838532945912 6.930839
10000000 6.93089314594455 6.930893
00000000 7.131358845878394 7.131359
10000000 7.131495688676119 7.131496
00000000 7.131554025288301 7.131554
10000000 7.131608017684682 7.131608
00000000 7.135393070851677 7.135393
10000000 7.135496090826382 7.135496
00000000 7.13555504804082 7.135555
10000000 7.135610281641716 7.135610
00000000 7.139492769363101 7.139493
10000000 7.139612235297622 7.139612
00000000 7.139670261608676 7.139670
10000000 7.139724254005056 7.139724
00000000 7.143568884988748 7.143569
01000000 8.348011714488207 8.348012
00000000 8.352087519812727 8.352088
01000000 8.352168818708428 8.352169
00000000 8.352227155320609 8.352227
01000000 8.352287664040691 8.352288
00000000 8.49546122539157 8.495461
01000000 8.49560117120058 8.495601
00000000 8.495658576909376 8.495659
01000000 8.499530824693515 8.499531
00000000 8.499611813288087 8.499612
01000000 8.499668908695755 8.499669
00000000 8.499723211393265 8.499723
01000000 8.503556671536325 8.503557
00000000 8.503638901335412 8.503639
01000000 8.50369599674308 8.503696
00000000 8.503749989139461 8.503750
01000000 11.379205045744593 11.379205
00000000 11.383223445360315 11.383223
01000000 11.383304123653758 11.383304
00000000 11.575804083314612 11.575804
01000000 11.579856616054483 11.579857
00000000 11.579937914950184 11.579938
01000000 11.57999563096011 11.579996
00000000 11.580050554259875 11.580051
01000000 11.583946074628663 11.583946
00000000 11.584096570676047 11.584097
01000000 11.923948916987001 11.923949
00000000 12.24759051173621 12.247591
01000000 12.583418873011125 12.583419
00000000 13.406716654109815 13.406717
01000000 13.713967522642672 13.713968
00000000 13.718069082960868 13.718069
01000000 13.718149761254312 13.718150
00000000 13.718207477264237 13.718207
01000000 13.718262090262874 13.718262
00000000 14.303815524737827 14.303816
01000000 14.611012711175434 14.611013
00000000 15.188476905528201 15.188477
01000000 15.38929138393062 15.389291
00000000 15.823489236895051 15.823489
01000000 16.12251495341139 16.122515
00000000 16.126589207230264 16.126589
01000000 16.12668322847224 16.126683
00000000 16.12674684020361 16.126747
01000000 16.126799901696604 16.126800
00000000 16.59758411953296 16.597584
01000000 16.843341372201238 16.843341
00000000 16.843474491385418 16.843474
01000000 16.84353531040663 16.843535
00000000 17.404611881554334 17.404612
01000000 17.40474655224416 17.404747
00000000 17.404809543373272 17.404810
01000000 17.867468215855393 17.867468
00000000 18.56792864067005 18.567929
01000000 18.568061139251977 18.568061
00000000 18.5681188552619 18.568119
01000000 19.53043929951382 19.530439
00000000 19.98917204211655 19.989172
01000000 19.989311677624432 19.989312
00000000 19.99334093777966 19.993341
01000000 20.415248073340294 20.415248
00000000 20.419371354737493 20.419371
01000000 20.419451722729807 20.419452
00000000 20.419508818137473 20.419509
01000000 20.419562810533854 20.419563
00000000 20.423456469095868 20.423456
01000000 20.423536526787053 20.423537
00000000 20.919038091325344 20.919038
01000000 21.349189927873606 21.349190
00000000 23.48741387592175 23.487414
01000000 25.129986694287606 25.129987
00000000 25.8753604147609 25.875360
01000000 26.07620406146941 26.076204
00000000 26.076344007278422 26.076344
01000000 26.076402654191735 26.076403
00000000 26.56769188090891 26.567692
01000000 26.825798497894297 26.825798
00000000 26.825937202498793 26.825937
01000000 26.829809450282934 26.829809
00000000 27.591668849117937 27.591669
01000000 27.595750239862774 27.595750
00000000 27.59584115809346 27.595841
01000000 27.595899184404512 27.595899
00000000 27.59595410770428 27.595954
01000000 27.755629483075555 27.755629
00000000 28.484713635500434 28.484714
01000000 28.779655478862907 28.779655
00000000 28.77979480406966 28.779795
01000000 28.779852209778458 28.779852
00000000 28.77991240819741 28.779912
01000000 28.783604371025817 28.783604
00000000 29.189230316668507 29.189230
01000000 29.1893559886256 29.189356
00000000 29.19337935305938 29.193379
01000000 29.19347089189233 29.193471
00000000 29.193531090311282 29.193531
01000000 29.193586634213307 29.193587
00000000 29.197397752675105 29.197398
01000000 29.197494876928367 29.197495
00000000 29.19755228263716 29.197552
01000000 29.27107689386088 29.271077
00000000 30.024820366676636 30.024820
01000000 30.02496186399129 30.024962
00000000 30.025020200603475 30.025020
01000000 30.344352333278305 30.344352
00000000 30.344491348183933 30.344491
01000000 30.344548753892727 30.344549
00000000 30.344608021408295 30.344608
01000000 30.3484473772728 30.348447
00000000 30.348529607071885 30.348530
01000000 30.348587012780683 30.348587
00000000 30.352565693851943 30.352566
01000000 30.35264730304877 30.352647
00000000 30.352705329359825 30.352705
01000000 30.352759632057335 30.352760
00000000 30.864506391582648 30.864506
01000000 30.864642613778116 30.864643
00000000 30.86856978486202 30.868570
01000000 30.86868273447284 30.868683
00000000 30.86874448439744 30.868744
01000000 30.868803441611878 30.868803
00000000 30.872673517288117 30.872674
01000000 30.872770951842504 30.872771
00000000 30.87282866785243 30.872829
01000000 31.02845957831318 31.028460
00000000 31.032521730388037 31.032522
01000000 31.03259185844311 31.032592
00000000 31.032648953850774 31.032649
01000000 31.032702946247156 31.032703
00000000 31.589624274981414 31.589624
01000000 31.589759566273493 31.589760
00000000 31.593683944647243 31.593684
01000000 31.59377703498583 31.593777
00000000 31.59770420606974 31.597704
01000000 31.59782770591893 31.597828
00000000 31.597883870423214 31.597884
01000000 31.597938173120724 31.597938
00000000 31.60182252264888 31.601823
01000000 31.798494170682996 31.798494
00000000 32.31464751653595 32.314648
01000000 32.3147868417427 32.314787
00000000 32.31484517835489 32.314845
01000000 32.318748766553014 32.318749
00000000 32.31886109556158 32.318861
01000000 32.318918501270375 32.318919
00000000 32.318972493666756 32.318972
01000000 32.474286276374045 32.474286
00000000 32.47442156766613 32.474422
01000000 32.47842165951526 32.478422
00000000 33.03966703447694 33.039667
01000000 33.03980573908144 33.039806
00000000 33.0437226702281 33.043723
01000000 33.27718424067452 33.277184
00000000 33.748282172951924 33.748282
01000000 33.748422118760935 33.748422
00000000 33.752321983345524 33.752322
01000000 33.99399753496784 33.993998
00000000 33.99413313656105 33.994133
01000000 33.99802710542419 33.998027
00000000 34.48561381907459 34.485614
01000000 34.485758419400526 34.485758
00000000 34.48968869349572 34.489689
01000000 34.48976968209029 34.489770
00000000 34.489829570208116 34.489830
01000000 34.493759223701055 34.493759
00000000 34.49388272355024 34.493883
01000000 34.65762552611557 34.657626
00000000 35.030300284608195 35.030300
01000000 35.03046133089396 35.030461
00000000 35.030523080818554 35.030523
01000000 35.542406062539335 35.542406
00000000 35.98478438415776 35.984784
01000000 35.98491781364307 35.984918
00000000 35.98497615025526 35.984976
01000000 35.988862361590186 35.988862
00000000 35.988943350184755 35.988943
01000000 35.98900106619468 35.989001
00000000 35.98905567919332 35.989056
01000000 36.19362759396229 36.193628
00000000 36.73029867104233 36.730299
01000000 37.08663731631725 37.086637
00000000 37.614988289235406 37.614988
01000000 37.61513506166925 37.615135
00000000 37.6191385668308 37.619139
01000000 37.619225140845685 37.619225
00000000 37.61928347745787 37.619283
01000000 37.76675346823572 37.766753
00000000 37.76689403464699 37.766894
01000000 37.76695888758287 37.766959
00000000 38.2458549975238 38.245855
01000000 38.4464578505565 38.446458
00000000 38.95450706183309 38.954507
01000000 38.9585924864926 38.958592
00000000 38.95875632548851 38.958756
01000000 38.958815593004076 38.958816
00000000 38.95887051630385 38.958871
01000000 38.96269435711192 38.962694
00000000 38.96277689721214 38.962777
01000000 38.96283461322206 38.962835
00000000 38.96288860561844 38.962889
01000000 38.96676674912403 38.966767
00000000 38.966849289224236 38.966849
01000000 39.62215128048864 39.622151
00000000 40.080905123568115 40.080905
01000000 40.081039483956815 40.081039
00000000 40.0811043368927 40.081104
01000000 40.08500482207954 40.085005
00000000 40.08508550037298 40.085086
01000000 40.08514290608178 40.085143
00000000 40.08519720877929 40.085197
01000000 40.1670105837509 40.167011
00000000 40.171079562450586 40.171080
01000000 40.17116055104516 40.171161
00000000 40.17121795675396 40.171218
01000000 40.17127225945146 40.171272
00000000 40.175166538615734 40.175167
01000000 40.17524845811369 40.175248
00000000 40.17530648442475 40.175306
01000000 40.17536047682113 40.175360
00000000 40.17919797087886 40.179198
01000000 40.17928733760391 40.179287
00000000 40.42911977499445 40.429120
01000000 40.43311304021875 40.433113
00000000 40.43318658158624 40.433187
01000000 40.740313639968775 40.740314
00000000 41.46947505737468 41.469475
01000000 41.46961345167805 41.469613
00000000 41.47351269566038 41.473513
01000000 41.744012429422014 41.744012
00000000 41.74803641445805 41.748036
01000000 41.74816456882417 41.748165
00000000 41.7482222848341 41.748222
01000000 41.748276587531606 41.748277
00000000 41.75213580266834 41.752136
01000000 41.75221058524034 41.752211
00000000 42.30508620785956 42.305086
01000000 42.30917907974615 42.309179
00000000 42.30926037864185 42.309260
01000000 42.309320887361935 42.309321
00000000 42.30937829307073 42.309378
01000000 42.31333277065396 42.313333
00000000 42.3134004163 42.313400
01000000 42.66149994600761 42.661500
00000000 42.66558723247388 42.665587
01000000 42.6656610841425 42.665661
00000000 43.4069658259161 43.406966
01000000 43.407105771725114 43.407106
00000000 43.40716907315536 43.407169
01000000 43.407223686154 43.407224
00000000 43.41110834598328 43.411108
01000000 43.61586520022491 43.615865
00000000 43.61601290356214 43.616013
01000000 43.61607310198109 43.616073
00000000 43.6161295767865 43.616130
01000000 43.61989787369255 43.619898
00000000 44.41043716464206 44.410437
01000000 44.41451514207448 44.414515
00000000 44.41457813320359 44.414578
01000000 44.41463367710561 44.414634
00000000 44.414687979803126 44.414688
01000000 44.418604600648656 44.418605
00000000 44.41866293726084 44.418663
01000000 44.418716309054965 44.418716
00000000 44.4187687499457 44.418769
01000000 44.73829388992254 44.738294
00000000 45.086460754975064 45.086461
01000000 45.08659635656827 45.086596
00000000 45.09052911307249 45.090529
01000000 45.09059799992305 45.090598
00000000 45.09065447472846 45.090654
01000000 45.35680626907577 45.356806
00000000 45.3608876598206 45.360888
01000000 45.360968648415174 45.360969
00000000 45.95898594832369 45.958986
01000000 45.959124342627064 45.959124
00000000 45.959187954358434 45.959188
01000000 45.963002486132645 45.963002
00000000 45.96308316442609 45.963083
01000000 46.159664514831775 46.159665
00000000 46.159800426726115 46.159800
01000000 46.15985938394056 46.159859
00000000 46.679729206411075 46.679729
01000000 46.67986139469187 46.679861
00000000 46.679920351906304 46.679920
01000000 46.67998272243316 46.679983
00000000 46.68378391125884 46.683784
01000000 46.683840386064254 46.683840
00000000 46.68389344755725 46.683893
01000000 46.80673607896047 46.806736
00000000 46.80687043934917 46.806870
01000000 46.8069293965636 46.806929
00000000 47.42538281850239 47.425383
01000000 47.425521212805755 47.425521
00000000 47.429447763287406 47.429448
01000000 47.42951665013796 47.429517
00000000 47.42957653825579 47.429577
01000000 48.17076460680503 48.170765
00000000 48.174933502468136 48.174934
01000000 48.17500797473901 48.175008
00000000 49.002384664173505 49.002385
01000000 49.00251623185204 49.002516
00000000 49.0063853766249 49.006385
01000000 49.00647008883301 49.006470
00000000 49.006528115144064 49.006528
01000000 49.00658179723931 49.006582
00000000 49.010584681798605 49.010585
01000000 49.01067870304058 49.010679
00000000 49.010736729351635 49.010737
01000000 49.014647144174596 49.014647
00000000 49.01472720186578 49.014727
01000000 49.014784607574576 49.014785
00000000 49.0148379793687 49.014838
01000000 49.26455560534165 49.264556
00000000 49.842117544549936 49.842118
01000000 49.84225997276798 49.842260
00000000 49.8460431641282 49.846043
01000000 50.005975779135106 50.005976
00000000 50.01004568873818 50.010046
01000000 50.0101282288384 50.010128
00000000 50.01019184056977 50.010192
01000000 50.01024583296615 50.010246
00000000 50.01402840372411 50.014028
01000000 50.014110012920945 50.014110
00000000 50.014167728930865 50.014168
01000000 50.01422141102612 50.014221
00000000 50.31316458744224 50.313165
01000000 50.313297086024164 50.313297
00000000 50.317242875175786 50.317243
01000000 50.31732386377036 50.317324
00000000 50.31738126947916 50.317381
01000000 51.27165343335787 51.271653
00000000 51.525641423462986 51.525641
00001000 52.734002425313626 52.734002
00000000 52.97563298327229 52.975633
01000000 53.11084452796372 53.110845
00000000 53.30737219627416 53.307372
01000000 53.307507487566234 53.307507
00000000 53.30756582417842 53.307566
01000000 53.307619506273674 53.307620
00000000 53.311504786705214 53.311505
10000000 53.98327632067264 53.983276
00000000 53.98341471497601 53.983415
10000000 53.987413255319495 53.987413
00000000 53.98750044993664 53.987500
10000000 53.98755816594657 53.987558
00000000 53.98761153774069 53.987612
10000000 53.99150798901286 53.991508
00000000 53.99160635447063 53.991606
10000000 53.99166438078169 53.991664
00000000 53.99171837317807 53.991718
10000000 53.9954637078006 53.995464
00000000 53.99554593759969 53.995546
10000000 53.99560334330848 53.995603
00000000 53.99566136961954 53.995661
10000000 53.99967108080366 53.999671
00000000 53.999756103312905 53.999756
10000000 53.999810095709286 53.999810
00000000 53.99986253660002 53.999863
10000000 54.0037807089512 54.003781
00000000 54.003847423693855 54.003847
10000000 54.00389986458459 54.003900
00000000 54.0039519951742 54.003952
10000000 54.00788847529196 54.007888
00000000 54.31512258756388 54.315123
10000000 54.31526036126499 54.315260
00000000 54.315317766973784 54.315318
10000000 54.319095372913694 54.319095
00000000 54.319181636627455 54.319182
10000000 54.31923873203512 54.319239
00000000 54.31929241413037 54.319292
10000000 54.32319972594205 54.323200
00000000 54.323272026105016 54.323272
01000000 54.86799355566617 54.867994
00000000 55.13844984726979 55.138450
01000000 57.17822331503385 57.178223
00000000 57.18238879738454 57.182389
01000000 57.182462338752025 57.182462
00000000 57.18252036506308 57.182520
01000000 57.18257559866397 57.182576
00000000 57.18650339035013 57.186503
01000000 57.186571035996174 57.186571
00000000 57.620716758370996 57.620717
01000000 58.14499658048157 58.144997
00000000 58.59151897367281 58.591519
01000000 58.591654264964895 58.591654
00000000 58.595590434781535 58.595590
01000000 58.59567111307498 58.595671
00000000 58.59572975998829 58.595730
01000000 58.59578344208354 58.595783
00000000 58.59965755167445 58.599658
01000000 58.599739471172406 58.599739
00000000 58.59979718718233 58.599797
01000000 58.83317963084096 58.833180
00000000 58.83330995731498 58.833310
01000000 58.83337015573393 58.833370
00000000 58.83724426532485 58.837244
01000000 58.83731563458443 58.837316
00000000 59.2263333329196 59.226333
01000000 59.22646924481394 59.226469
00000000 59.22653502865321 59.226535
01000000 59.2304696469642 59.230470
00000000 59.23055001495652 59.230550
01000000 59.46802191718932 59.468022
00000000 60.2668909316357 60.266891
01000000 60.267021568410854 60.267022
00000000 60.26707990502303 60.267080
01000000 60.26713389741941 60.267134
00000000 60.270868371502445 60.270868
01000000 60.46335343670912 60.463353
00000000 61.15570165911808 61.155702
01000000 61.1558471903474 61.155847
00000000 61.1559067681641 61.155907
01000000 61.155961691463865 61.155962
00000000 61.15979949582273 61.159799
01000000 61.2499100126727 61.249910
00000000 62.146945581870476 62.146946
01000000 62.29847834532544 62.298478
00000000 62.29861704992994 62.298617
01000000 62.302554460951086 62.302554
00000000 63.175058243521846 63.175058
01000000 63.17519353481393 63.175194
00000000 63.17525187142611 63.175252
01000000 63.17530555352136 63.175306
00000000 63.17918617943597 63.179186
01000000 63.17927430495651 63.179274
00000000 63.179331090063044 63.179331
01000000 63.17938477215829 63.179385
00000000 63.183267880481935 63.183268
01000000 63.37580321447145 63.375803
00000000 63.375939436666926 63.375939
01000000 63.37599746297798 63.375997
00000000 63.37605145537436 63.376051
01000000 63.379831233422166 63.379831
00000000 63.379962180498445 63.379962
01000000 63.3800202068095 63.380020
00000000 64.38746184847624 64.387462
01000000 64.39165122401383 64.391651
00000000 64.3917396598355 64.391740
01000000 64.39179706554428 64.391797
00000000 64.39185198884405 64.391852
01000000 64.39565783218666 64.395658
00000000 64.39574409590043 64.395744
01000000 64.39580150160921 64.395802
00000000 64.3958554940056 64.395855
01000000 64.39979104321998 64.399791
00000000 64.39986830820101 64.399868
01000000 64.3999244727053 64.399924
00000000 64.39997846510167 64.399978
01000000 64.52274476242725 64.522745
00000000 64.52287850221369 64.522879
01000000 64.52293559762136 64.522936
00000000 65.26817557830822 65.268176
01000000 65.27220018394651 65.272200
00000000 65.27228489615462 65.272285
01000000 65.78030555972738 65.780306
00000000 65.78044550553639 65.780446
01000000 65.78050601425647 65.780506
00000000 66.5502740579568 66.550274
01000000 66.5504084183455 66.550408
00000000 66.55438772001901 66.554388
01000000 66.55449073999371 66.554491
00000000 66.55454876630476 66.554549
01000000 66.55460275870115 66.554603
00000000 66.55855816718777 66.558558
01000000 66.55865963565682 66.558660
00000000 66.55871704136563 66.558717
01000000 66.55877072346087 66.558771
00000000 66.56260728661522 66.562607
00001000 67.39409670720853 67.394097
00000000 67.3942307572961 67.394231
00001000 67.39428940420942 67.394289
00000000 67.3943433966058 67.394343
00001000 67.39821409288429 67.398214
00000000 67.39829539178 67.398295
00001000 67.39835248718767 67.398352
00000000 68.56966663729149 68.569667
00001000 68.57387183818665 68.573872
00000000 68.5739841671952 68.573984
00001000 68.57404312440964 68.574043
00000000 68.57409773740828 68.574098
00010000 68.72949281901128 68.729493
00000000 69.76990085258338 69.769901
00000010 70.16308961868955 70.163090
00000000 70.16325252678209 70.163253
00000010 70.16718031846825 70.167180
00000000 70.99079833033169 70.990798
00000010 70.99488592709909 70.994886
00000000 70.99502959652165 70.995030
00000010 70.99508855373608 70.995089
00000000 70.99514347703585 70.995143
00000010 70.99910198853375 70.999102
00000000 70.99925279488227 70.999253
01000000 71.10925485528176 71.109255
00000000 71.10939014657384 71.109390
01000000 71.1133700688496 71.113370
00000000 71.11346626219948 71.113466
01000000 71.11352242670377 71.113522
00000000 71.1135770397024 71.113577
01000000 71.11745363170235 71.117454
00000000 71.11754951475109 71.117550
01000000 71.11760567925538 71.117606
00000000 71.11765998195288 71.117660
01000000 71.12150957775464 71.121510
00000000 71.92859319397917 71.928593
01000000 71.9287343809927 71.928734
00000000 71.9326941336951 71.932694
01000000 71.93277450168742 71.932775
00000000 71.93283221769734 71.932832
01000000 73.2679490584843 73.267949
00000000 73.86202305165024 73.862023
01000000 73.86597318501767 73.865973
00000000 73.86605479421449 73.866055
01000000 73.8661177853436 73.866118
00000000 73.86617146743886 73.866171
01000000 74.03805067589792 74.038051
00000000 74.87787788781745 74.877878
01000000 74.87801907483097 74.878019
00000000 74.87807803204541 74.878078
01000000 74.88190187285349 74.881902
00000000 74.88197262151081 74.881973
01000000 75.03348025057436 75.033480
00000000 75.03361336975854 75.033613
01000000 75.0374933750709 75.037493
00000000 75.92636461127336 75.926365
01000000 75.9264995922643 75.926500
00000000 75.92655761857537 75.926558
01000000 75.92661130067061 75.926611
00000000 75.93054747048726 75.930547
01000000 75.9306281487807 75.930628
00000000 75.93068617509175 75.930686
01000000 75.93073923658474 75.930739
00000000 75.93456338769396 75.934563
01000000 75.93464468658965 75.934645
00000000 75.93470209229845 75.934702
01000000 76.1024893597743 76.102489
00000000 76.10263023648669 76.102630
01000000 76.10269477912145 76.102695
00000000 76.10274815091557 76.102748
01000000 76.10661791629069 76.106618
00000000 76.10676934324145 76.106769
01000000 76.10682767985364 76.106828
00000000 76.82345324196413 76.823453
01000000 76.82759700323582 76.827597
00000000 76.82769909230713 76.827699
01000000 76.93401508559967 76.934015
00000000 77.83519969118831 77.835200
01000000 77.97044692050953 77.970447
00000000 77.97059276203998 77.970593
01000000 77.9706535810612 77.970654
00000000 77.97071036616774 77.970710
01000000 77.97443335910901 77.974433
00000000 79.01498661360931 79.014987
01000000 79.0151274903217 79.015127
00000000 79.01518644753614 79.015186
01000000 79.01895008992527 79.018950
00000000 79.01906676314962 79.019067
01000000 79.01912106584713 79.019121
00000000 79.019173817039 79.019174
01000000 79.15829174263872 79.158292
00000000 80.12505290634243 80.125053
01000000 80.25202471486429 80.252025
00000000 80.25215224862815 80.252152
01000000 80.2522102749392 80.252210
00000000 81.26780631996515 81.267806
01000000 81.26793013011546 81.267930
00000000 81.26798815642653 81.267988
01000000 81.41118747277108 81.411187
00000000 81.41132183315976 81.411322
01000000 81.415276310743 81.415276
00000000 82.39423479121078 82.394235
01000000 82.39832890430189 82.398329
00000000 82.39840958259533 82.398410
01000000 82.39846636770187 82.398466
00000000 82.39852098070051 82.398521
01000000 82.40236406017856 82.402364
00000000 82.40244318696635 82.402443
01000000 82.40250059267515 82.402501
00000000 82.40255458507153 82.402555
01000000 82.40655126360825 82.406551
00000000 82.40664435394685 82.406644
01000000 82.40670548326918 82.406705
00000000 82.4067588550633 82.406759
01000000 82.41072760649844 82.410728
00000000 82.41082628225735 82.410826
01000000 82.41088368796615 82.410884
00000000 82.41474476490966 82.414745
01000000 82.5540755570836 82.554076
00000000 82.55420805566554 82.554208
01000000 82.5581467078912 82.558147
00000000 82.55824600425237 82.558246
01000000 82.55830434086454 82.558304
00000000 82.55835833326093 82.558358
01000000 82.56224020038006 82.562240
00000000 82.56230753572497 82.562308
01000000 82.56235904571231 82.562359
00000000 82.56241117630192 82.562411
01000000 82.56621919175244 82.566219
00000000 83.52895295710769 83.528953
01000000 83.52910438405846 83.529104
00000000 83.52916272067064 83.529163
01000000 83.68448084759373 83.684481
00000000 84.36043958499086 84.360440
01000000 84.4751486032105 84.475149
00000000 84.47528792841725 84.475288
01000000 84.47534564442718 84.475346
00000000 85.30656758544762 85.306568
01000000 85.30670597975099 85.306706
00000000 85.31079264561501 85.310793
01000000 85.41730195651067 85.417302
00000000 85.41743383449034 85.417434
01000000 85.41749124019914 85.417491
00000000 85.41754554289665 85.417546
01000000 85.4212316100036 85.421232
00000000 85.97428007035147 85.974280
01000000 86.06847694276433 86.068477
00000000 86.7853861201064 86.785386
01000000 86.78552792772217 86.785528
00000000 86.78558626433436 86.785586
01000000 86.78563994642961 86.785640
00000000 86.78935673334831 86.789357
01000000 86.86729537812674 86.867295
00000000 87.7602799660903 87.760280
01000000 87.76040749985415 87.760407
00000000 87.76046583646634 87.760466
01000000 87.76051920826046 87.760519
00000000 87.76434987569337 87.764350
01000000 87.76443055398681 87.764431
00000000 87.76448858029786 87.764489
01000000 87.86263744788492 87.862637
00000000 88.82113963674908 88.821140
01000000 88.82520737424426 88.825207
00000000 88.82529208645238 88.825292
01000000 88.82534949216117 88.825349
00000000 88.82540379485867 88.825404
01000000 88.93987543271491 88.939875
00000000 89.61173695400964 89.611737
01000000 89.84512094917392 89.845121
00000000 90.52107317024733 90.521073
01000000 90.52120877184053 90.521209
00000000 90.5212667981516 90.521267
00000010 91.60249494519461 91.602495
00000000 91.78680698897438 91.786807
00010000 92.04078256703436 92.040783
00000000 92.27830877196466 92.278309
01000000 92.40522844989691 92.405228
00000000 92.77396517676614 92.773965
01000000 92.77410326076837 92.774103
00000000 92.77416345918733 92.774163
01000000 93.35975754311013 93.359758
00000000 93.35989190349883 93.359892
01000000 93.35995644613358 93.359956
00000000 93.3638088346455 93.363809
01000000 93.36388982324006 93.363890
00000000 94.12159987538307 94.121600
01000000 94.12567909402 94.125679
00000000 94.1257507735807 94.125751
00000010 94.83424737702455 94.834247
00000000 94.98181759506696 94.981818
01000000 95.12514289366973 95.125143
00000000 95.69048176112025 95.690482
01000000 95.69061425970219 95.690614
00000000 95.69452870843982 95.694529
01000000 95.98538078292698 95.985381
00000000 95.98552165963937 95.985522
01000000 95.98558682287639 95.985587
00000000 95.98564112557389 95.985641
01000000 95.98941066368447 95.989411
00000000 97.10357944763916 97.103579
01000000 97.10371629043689 97.103716
00000000 97.10377431674794 97.103774
01000000 97.10760281207294 97.107603
00000000 97.10770645264991 97.107706
01000000 97.24287579638785 97.242876
00000000 97.24300674346412 97.243007
01000000 97.24306601097969 97.243066
00000000 98.11130811784989 98.111308
01000000 98.11145271817583 98.111453
00000000 98.11151074448688 98.111511
01000000 98.11156442658213 98.111564
00000000 98.11533861920962 98.115339
01000000 98.27907924966705 98.279079
00000000 99.15976722450534 99.159767
01000000 99.15990810121774 99.159908
00000000 99.15996674813105 99.159967
01000000 99.45069315066112 99.450693
00000000 100.13482273737726 100.134823
01000000 100.13495585656143 100.134956
00000000 100.13887744222502 100.138877
01000000 100.13895160419477 100.138952
00000000 100.13900621719341 100.139006
01000000 100.13906424350446 100.139064
00000000 100.14288715340915 100.142887
01000000 100.99075364696917 100.990754
00000000 100.99089235157366 100.990892
01000000 100.99095410149826 100.990954
00000000 100.99493030016049 100.994930
01000000 100.99500073851668 100.995001
00000000 101.35544715013238 101.355447
01000000 101.3555818208222 101.355582
00000000 101.35564636345696 101.355646
01000000 101.35570066615446 101.355701
00000000 101.35953319539414 101.359533
01000000 101.35965390253317 101.359654
00000000 101.35971130824197 101.359711
01000000 101.3597646800361 101.359765
00000000 101.36361893035478 101.363619
01000000 101.36370984858546 101.363710
00000000 101.36376787489651 101.363768
01000000 101.36382155699177 101.363822
00000000 101.3677316615136 101.367732
01000000 101.36781699432397 101.367817
00000000 101.36787719274292 101.367877
01000000 101.36793056453705 101.367931
00000000 101.37183322183179 101.371833
01000000 101.37191855464216 101.371919
00000000 101.37197689125435 101.371977
01000000 101.37203212485524 101.372032
00000000 101.37587799704345 101.375878
01000000 101.89611769845929 101.896118
00000000 101.89626105758072 101.896261
01000000 101.89631877359064 101.896319
00000000 102.44502084602982 102.445021
01000000 102.44515551671964 102.445156
00000000 102.44521385333182 102.445214
01000000 102.44526753542708 102.445268
00000000 102.44909572045096 102.449096
01000000 102.4491763987444 102.449176
00000000 102.44923349415207 102.449233
01000000 102.44928748654844 102.449287
00000000 102.45312932482197 102.453129
01000000 102.45321000311542 102.453210
00000000 102.45326771912535 102.453268
01000000 102.58419555673608 102.584196
00000000 103.473106511483 103.473107
01000000 103.65338681269851 103.653387
00000000 104.43986674428332 104.439867
01000000 104.43999893256411 104.439999
00000000 104.44006626790903 104.440066
01000000 104.44391524310852 104.443915
00000000 104.44398537116359 104.443985
01000000 104.44404029446335 104.444040
00000000 104.44409459716087 104.444095
01000000 104.4480133901143 104.448013
00000000 104.44809468901 104.448095
01000000 104.44815271532106 104.448153
00000000 104.44820670771743 104.448207
01000000 104.45210036627945 104.452100
00000000 104.45216832222661 104.452168
01000000 104.45222107341849 104.452221
00000000 104.45227351430923 104.452274
01000000 104.45617337889381 104.456173
00000000 104.45625467778952 104.456255
01000000 104.4563142556062 104.456314
00000000 104.46029293667746 104.460293
01000000 104.46035965142012 104.460360
00000000 104.46041209231086 104.460412
01000000 104.46046391259934 104.460464
00000000 104.46438487766068 104.464385
01000000 104.6159464991206 104.615946
00000000 105.53749678838331 105.537497
01000000 105.53763487238555 105.537635
00000000 105.53769320899774 105.537693
01000000 105.54169236994349 105.541692
00000000 105.54177770275386 105.541778
01000000 105.54183510846265 105.541835
00000000 105.54188848025677 105.541888
01000000 105.5456769467362 105.545677
00000000 105.54576662376236 105.545767
01000000 105.79160827833762 105.791608
00000000 105.79175536107259 105.791755
01000000 105.79181214617914 105.791812
00000000 105.79186613857551 105.791866
01000000 105.79562605735109 105.795626
00000000 106.73371415556512 106.733714
01000000 106.88933358488411 106.889334
00000000 107.68393440730623 107.683934
00000010 108.26972956636037 108.269730
00000000 110.4407098324498 110.440710
00000001 110.7928317956878 110.792832
00000000 111.32957424202743 111.329574
00000010 111.67366312964754 111.673663
00000000 112.01768623342836 112.017686
00000001 112.9639786934833 112.963979
00000000 113.47187368509897 113.471874
00000001 114.87678407633904 114.876784
00000000 116.1671527016678 116.167153
00010000 116.51940592228321 116.519406
00000000 119.50144476205489 119.501445
00001000 119.59555847376528 119.595558
00000000 120.22645652246766 120.226457
00001000 120.22659398586764 120.226594
00000000 120.22665263278095 120.226653
00001000 120.22670662517733 120.226707
00000000 120.230527052673 120.230527
00001000 120.23060773096644 120.230608
00000000 120.23067072209555 120.230671
01000000 121.16854378162743 121.168544
00000000 121.17265899519529 121.172659
01000000 121.1727446383068 121.172745
00000000 121.1728020440156 121.172802
01000000 121.17285572611084 121.172856
00000000 121.17674100654239 121.176741
01000000 121.17682540844937 121.176825
00000000 121.17688281415816 121.176883
01000000 121.17693680655455 121.176937
00000000 121.87721074039091 121.877211
01000000 121.87734975529652 121.877350
00000000 121.88118476694522 121.881185
01000000 121.88127134096011 121.881271
00000000 121.88132905697005 121.881329
01000000 122.11879599438478 122.118796
00000000 122.1229574428208 122.122957
01000000 122.12306046279551 122.123060
00000000 123.30263420834113 123.302634
01000000 123.30671777119387 123.306718
00000000 123.30679317436812 123.306793
01000000 123.47468842663675 123.474688
00000000 123.4748181325085 123.474818
01000000 123.47876826587593 123.478768
00000000 124.78956060118982 124.789561
01000000 124.78969775428867 124.789698
00000000 124.79362275326467 124.793623
01000000 124.79370343155811 124.793703
00000000 124.79376083726692 124.793761
01000000 124.79774603466187 124.797746
00000000 124.79782609235306 124.797826
01000000 124.7978828774596 124.797883
00000000 124.79793655955486 124.797937
01000000 124.80185628341167 124.801856
00000000 124.80193665140399 124.801937
01000000 124.98613636617519 124.986136
00000000 124.98627289867179 124.986273
01000000 124.99019324313086 124.990193
00000000 125.78494176889019 125.784942
01000000 125.9446987534583 125.944699
00000000 126.97692911108656 126.976929
01000000 126.98101515634832 126.981015
00000000 126.98108280199436 126.981083
01000000 126.98113865619752 126.981139
00000000 126.9811926485939 126.981193
01000000 126.98510523552476 126.985105
00000000 126.98518653442046 126.985187
01000000 126.98524425043038 126.985244
00000000 126.98529824282676 126.985298
01000000 126.9891531137477 126.989153
00000000 126.98925272041 126.989253
01000000 126.98931074672105 126.989311
00000000 126.98936504941855 126.989365
01000000 127.2145043435952 127.214504
00000000 127.2146442894042 127.214644
01000000 127.21470107451074 127.214701
00000000 128.39410508533902 128.394105
01000000 128.39423634271643 128.394236
00000000 128.39429405872636 128.394294
01000000 128.5539030296561 128.553903
00000000 129.66803333627087 129.668033
01000000 129.66817607479004 129.668176
00000000 129.67219664651364 129.672197
01000000 129.89329675089894 129.893297
00000000 131.01165180737996 131.011652
01000000 131.0157201654774 131.015720
00000000 131.01580177467423 131.015802
01000000 131.25322309782305 131.253223
00000000 132.25281443123666 132.252814
01000000 132.40021956907862 132.400220
00000000 132.4003688239215 132.400369
01000000 132.40042685023255 132.400427
00000000 132.40048208383345 132.400482
01000000 132.40423517598418 132.404235
00000000 133.38334973791967 133.383350
01000000 133.38349030433093 133.383490
00000000 133.38730266399725 133.387303
01000000 133.38738458349522 133.387385
00000000 133.3874429201074 133.387443
01000000 133.52259830029456 133.522598
00000000 134.44835192864565 134.448352
01000000 134.44848784054 134.448488
00000000 134.44854648745329 134.448546
01000000 134.56301998711632 134.563020
00000000 134.56315589901064 134.563156
01000000 134.5670585563054 134.567059
00000000 135.69358197969638 135.693582
01000000 135.69371634008507 135.693716
00000000 135.6937749869984 135.693775
01000000 135.69760627503356 135.697606
00000000 135.69768664302586 135.697687
01000000 135.82042501324986 135.820425
00000000 135.8205640281555 135.820564
01000000 135.82464200558792 135.824642
00000000 135.82473819893778 135.824738
01000000 135.82479622524883 135.824796
00000000 135.8248499073441 135.824850
01000000 135.82870695037292 135.828707
00000000 135.8288074879386 135.828807
01000000 135.82886551424966 135.828866
00000000 135.83278492780536 135.832785
01000000 135.83285412495704 135.832854
00000000 135.8329078070523 135.832908
01000000 135.8329599376419 135.832960
00000000 135.83691069161156 135.836911
01000000 135.83705218892624 135.837052
00000000 135.83711549035647 135.837115
01000000 135.83717382696867 135.837174
00000000 135.84087851214335 135.840879
01000000 135.84096291405032 135.840963
00000000 135.8410203197591 135.841020
01000000 135.84107369155325 135.841074
00000000 136.5004930684934 136.500493
01000000 136.60699896607665 136.606999
00000000 136.6071361191755 136.607136
01000000 136.60719414548655 136.607194
00000000 137.4303643928214 137.430364
01000000 137.43049502959653 137.430495
00000000 137.43055460741323 137.430555
01000000 137.5614169714858 137.561417
00000000 138.29043161645788 138.290432
01000000 138.39292469984574 138.392925
00000000 139.3678235106477 139.367824
01000000 139.36795973284316 139.367960
00000000 139.36801931065986 139.368019
01000000 139.47838225127194 139.478382
00000000 139.4785153704561 139.478515
01000000 139.48243354280729 139.482434
00000000 140.1173208228193 140.117321
00000010 140.45328292388066 140.453283
00000000 140.973511764757 140.973512
00001000 141.35444425688465 141.354444
00000000 141.354580168779 141.354580
00001000 141.35850330594823 141.358503
00000000 141.80503252576432 141.805033
00010000 142.1367286069093 142.136729
00000000 142.39895726408736 142.398957
01000000 142.53822351362658 142.538224
00000000 142.53836439033898 142.538364
01000000 142.54235207014295 142.542352
00000000 142.54243243813528 142.542432
01000000 142.5424901541452 142.542490
00000000 143.01749198492186 143.017492
01000000 143.02158702891634 143.021587
00000000 143.02167887805044 143.021679
01000000 143.02174186917955 143.021742
00000000 143.02179524097366 143.021795
01000000 143.02559084437902 143.025591
00000000 143.02569448495598 143.025694
01000000 143.02575468337494 143.025755
00000000 143.02581022727696 143.025810
01000000 143.29599407448967 143.295994
00000000 143.79977043922506 143.799770
01000000 144.00058367642296 144.000584
00000000 144.45116015385972 144.451160
01000000 144.84836514747371 144.848365
00000000 145.61856730245302 145.618567
01000000 145.87253326117798 145.872533
00000000 145.8726753790949 145.872675
01000000 145.8764681897901 145.876468
00000000 145.87655941832193 145.876559
01000000 145.87661961674087 145.876620
00000000 145.87667516064292 145.876675
01000000 145.88071993585456 145.880720
00000000 145.88080030384688 145.880800
01000000 145.88085429624326 145.880854
00000000 146.5484116305828 146.548412
01000000 146.67529376207847 146.675294
00000000 146.67543339758637 146.675433
01000000 146.67944900449194 146.679449
00000000 147.2938827856105 147.293883
01000000 147.42088096972827 147.420881
00000000 147.94919346530648 147.949193
01000000 147.9493259638884 147.949326
00000000 147.95324196413168 147.953242
01000000 148.40803512360537 148.408035
00000000 148.90777229854942 148.907772
01000000 149.0428401738183 149.042840
00000000 149.6941402114268 149.694140
01000000 149.69427643362226 149.694276
00000000 149.69433601143896 149.694336
01000000 149.69821570645018 149.698216
00000000 149.6983156234136 149.698316
01000000 149.6983730291224 149.698373
00000000 149.69842671121765 149.698427
01000000 149.78021929601363 149.780219
00000000 149.78424886647 149.784249
01000000 149.78433109626909 149.784331
00000000 150.65275100568596 150.652751
01000000 150.65681005474954 150.656810
00000000 150.656883596117 150.656884
01000000 150.65694131212695 150.656941
00000000 150.65699654572785 150.656997
01000000 150.6609035472384 150.660904
00000000 150.6609718134867 150.660972
01000000 150.80436196502535 150.804362
00000000 150.80448670607905 150.804487
01000000 150.80454535299236 150.804545
00000000 151.42281290455512 151.422813
01000000 151.42294757524493 151.422948
00000000 151.42679034442185 151.426790
01000000 151.42688436566382 151.426884
00000000 151.4269414610715 151.426941
01000000 151.42699607407013 151.426996
00000000 151.43089593865471 151.430896
01000000 151.43099368351022 151.430994
00000000 151.43105202012242 151.431052
01000000 151.4311103567346 151.431110
00000000 151.43495529801942 151.434955
01000000 151.54571790648518 151.545718
00000000 152.27892285789824 152.278923
01000000 152.3977058196356 152.397706
00000000 152.99167586192345 152.991676
01000000 153.1595770099135 153.159577
00000000 153.66751792609622 153.667518
01000000 153.88038822394805 153.880388
00000000 153.88052134313224 153.880521
01000000 153.88447644131773 153.884476
00000000 153.88455929171906 153.884559
01000000 153.88461452531996 153.884615
00000000 153.88466758681295 153.884668
01000000 153.8886059287375 153.888606
00000000 154.56860571773274 154.568606
01000000 154.5687397678203 154.568740
00000000 154.56879717352908 154.568797
01000000 154.76107247517282 154.761072
00000000 154.76526774643185 154.765268
01000000 154.76534128779934 154.765341
00000000 155.24454956067567 155.244550
01000000 155.2446972640129 155.244697
00000000 155.24475529032395 155.244755
01000000 155.24861947027875 155.248619
00000000 155.24870604429364 155.248706
01000000 155.24876376030355 155.248764
00000000 155.24881899390445 155.248819
01000000 155.47802602557627 155.478026
00000000 156.1211089789976 156.121109
00000010 157.46055452052892 157.460555
00000000 157.66129452666047 157.661295
01000000 157.80055550108048 157.800556
00000000 157.80069513658836 157.800695
01000000 157.8007562659107 157.800756
00000000 157.8008136716195 157.800814
01000000 157.8046077235192 157.804608
00000000 158.01348289434 158.013483
01000000 158.01362408135353 158.013624
00000000 158.01368427977246 158.013684
01000000 158.0175531142442 158.017553
00000000 158.01763844705457 158.017638
10000000 158.52548472139304 158.525485
00000000 158.52562280539527 158.525623
10000000 158.5256814523086 158.525681
00000000 158.5296281723636 158.529628
10000000 158.52971784938978 158.529718
00000000 158.52977866841098 158.529779
10000000 158.52983483291527 158.529835
00000000 158.53373593870435 158.533736
10000000 158.53380265344703 158.533803
00000000 158.53385695614452 158.533857
10000000 158.5339140515522 158.533914
00000000 158.53784494624963 158.537845
10000000 158.53792717604873 158.537927
00000000 158.5379842714564 158.537984
10000000 158.53803795355165 158.538038
00000000 158.54195302289153 158.541953
10000000 158.54204207931545 158.542042
00000000 158.54210041592765 158.542100
10000000 158.54215440832402 158.542154
00000000 158.5460347239375 158.546035
10000000 158.54611540223095 158.546115
00000000 158.54617591095104 158.546176
10000000 158.5462295930463 158.546230
00000000 158.55013442244893 158.550134
10000000 158.55021479044126 158.550215
00000000 158.55027219615005 158.550272
10000000 158.55032525764304 158.550325
00000000 158.5541816800696 158.554182
10000000 158.55426328926646 158.554263
00000000 158.55432069497525 158.554321
10000000 158.55437499767274 158.554375
00000000 158.55832295893228 158.558323
10000000 158.55840301662346 158.558403
00000000 158.55845980173 158.558460
10000000 158.55851317352412 158.558513
00000000 158.56232894650284 158.562329
10000000 158.5624682717096 158.562468
00000000 158.56252505681616 158.562525
10000000 158.5665155293303 158.566516
00000000 158.56659620762375 158.566596
10000000 158.56665361333253 158.566654
00000000 158.56670698512664 158.566707
10000000 158.5706108836259 158.570611
00000000 158.5707070769758 158.570707
10000000 158.57076479298573 158.570765
00000000 158.8531928124329 158.853193
10000000 158.85332841402612 158.853328
00000000 158.85338706093944 158.853387
10000000 158.8534410533358 158.853441
00000000 158.8573322294888 158.857332
10000000 158.85741321808337 158.857413
00000000 158.85747000318992 158.857470
10000000 158.8575286501032 158.857529
00000000 158.86130129122506 158.861301
10000000 158.86137824590497 158.861378
00000000 158.8614306867957 158.861431
10000000 158.8614828173853 158.861483
00000000 158.86552262777892 158.865523
10000000 158.86563123317393 158.865631
00000000 158.86569205219513 158.865692
10000000 158.8657479063983 158.865748
00000000 158.86949789553776 158.869498
01000000 159.10708895340395 159.107089
00000000 159.1112832937596 159.111283
01000000 159.11137793560383 159.111378
00000000 159.11143565161376 159.111436
01000000 159.11149181611805 159.111492
00000000 159.3365215739963 159.336522
01000000 159.34064671720026 159.340647
00000000 159.3407252233858 159.340725
01000000 159.34078418060022 159.340784
00000000 159.3408412760079 159.340841
01000000 159.34475944835907 159.344759
00000000 159.34482771460736 159.344828
01000000 159.34488139670262 159.344881
00000000 159.34493538909902 159.344935
01000000 159.3488427009107 159.348843
00000000 159.34891251866463 159.348913
00000010 160.02475520343964 160.024755
00000000 160.32790140864302 160.327901
01000000 163.2730066565798 163.273007
00000000 163.8096097777127 163.809610
01000000 163.81367534309996 163.813675
00000000 163.81374640205843 163.813746
01000000 163.8138025665627 163.813803
00000000 163.81775518233917 163.817755
01000000 164.0430657627388 164.043066
00000000 164.86229177242765 164.862292
01000000 165.06294489424317 165.062945
00000000 165.79205976647978 165.792060
01000000 165.964252999681 165.964253
00000000 166.54585723169194 166.545857
01000000 167.33231358039097 167.332314
00000000 167.89757859617288 167.897579
01000000 168.14336812015853 168.143368
00000000 168.14350899687093 168.143509
01000000 168.14742903102888 168.147429
00000000 168.8519159232886 168.851916
01000000 168.85205431759198 168.852054
00000000 168.85211234390303 168.852112
01000000 168.85596038819912 168.855960
00000000 168.85608512925285 168.856085
01000000 169.28621586532435 169.286216
00000000 169.699889470738 169.699889
01000000 169.70397520569864 169.703975
00000000 169.70405712519658 169.704057
01000000 169.70412104722908 169.704121
00000000 169.70417503962545 169.704175
01000000 169.70809476348228 169.708095
00000000 169.708176062378 169.708176
01000000 169.7082328474845 169.708233
00000000 169.70828590897753 169.708286
01000000 169.7121932207892 169.712193
00000000 169.71227296817926 169.712273
01000000 169.7123300635869 169.712330
00000000 169.71238312507992 169.712383
01000000 169.71615142198596 169.716151
00000000 169.71628454117015 169.716285
00000010 169.95793464809992 169.957935
00000000 170.2610473407814 170.261047
00000010 170.26510142502693 170.265101
00000000 170.2651824136215 170.265182
01000000 170.3593516692339 170.359352
00000000 170.91645080051487 170.916451
01000000 170.92055298143532 170.920553
00000000 170.92068268730708 170.920683
01000000 170.9207444372317 170.920744
00000000 170.92080246354274 170.920802
01000000 170.9246110995955 170.924611
00000000 170.92467781433817 170.924678
01000000 171.05563047603917 171.055630
00000000 171.8298935418888 171.829894
01000000 171.8300313155899 171.830031
00000000 171.83389053072665 171.833891
01000000 171.8339715193212 171.833972
00000000 171.83402923533114 171.834029
01000000 171.8340841586309 171.834084
00000000 171.83795857852294 171.837959
01000000 171.83803987741865 171.838040
00000000 171.83809821403082 171.838098
01000000 172.08383064260883 172.083831
00000000 172.5754137244948 172.575414
01000000 172.91132648767672 172.911326
00000000 172.91528437857235 172.915284
01000000 172.9154032239046 172.915403
00000000 173.39055679193316 173.390557
01000000 173.46831949597168 173.468319
00000000 173.4724114369549 173.472411
01000000 173.4724843577201 173.472484
00000000 173.4725426943323 173.472543
01000000 173.4726044442569 173.472604
00000000 173.9147472473187 173.914747
01000000 174.10314657756473 174.103147
00000000 174.1032936602997 174.103294
01000000 174.10726210143372 174.107262
00000000 174.10738901459533 174.107389
01000000 174.10744766150864 174.107448
00000000 174.85276738958555 174.852767
01000000 175.11911994876309 175.119120
00000000 175.73764815327388 175.737648
01000000 175.9422998154329 175.942300
00000000 175.94644419730685 175.946444
01000000 175.94657638558763 175.946576
00000000 176.5158970371207 176.515897
01000000 176.65517973261973 176.655180
00000000 177.05237634810325 177.052376
01000000 177.05250729517954 177.052507
00000000 177.05256656269512 177.052567
01000000 177.05262117569376 177.052621
00000000 177.05642546753072 177.056425
00000010 177.55621011854745 177.556210
00000000 180.99710644197557 180.997106
00000010 181.00107364190507 181.001074
00000000 181.00114625236915 181.001146
01000000 181.30839401789072 181.308394
00000000 181.83680984374476 181.836810
01000000 181.83699043900162 181.836990
00000000 181.83707763361878 181.837078
01000000 181.96372579806348 181.963726
00000000 182.51270310760376 182.512703
01000000 182.69292352070144 182.692924
00000000 183.31963871018993 183.319639
01000000 183.47936125133276 183.479361
00000000 183.98727051680032 183.987271
01000000 183.99131901562552 183.991319
00000000 183.99140807204944 183.991408
01000000 183.9914682704684 183.991468
00000000 183.9915256761772 183.991526
01000000 183.9953445521672 183.995345
00000000 183.99541312871665 183.995413
01000000 184.15520797002245 184.155208
00000000 184.60991362457784 184.609914
01000000 184.8557096648872 184.855710
00000000 184.8558527137075 184.855853
01000000 184.8597190657702 184.859719
00000000 184.8598807326582 184.859881
01000000 184.859938138367 184.859938
00000000 184.85999275136564 184.859993
01000000 184.86374770532316 184.863748
00000000 184.86382217759405 184.863822
01000000 184.86387461848477 184.863875
00000000 184.8639270593755 184.863927
01000000 184.86797617880296 184.867976
00000000 184.8680739236585 184.868074
01000000 184.8681316396684 184.868132
00000000 185.30617877813347 185.306179
01000000 185.5110299639182 185.511030
00000000 185.51509770141337 185.515098
01000000 185.51523547511448 185.515235
00000000 185.51529350142553 185.515294
01000000 185.5153474938219 185.515347
00000000 185.9698219740365 185.969822
01000000 186.20742265123766 186.207423
00000000 186.2075638382512 186.207564
01000000 186.2114745633753 186.211475
00000000 186.21155462106648 186.211555
01000000 186.2116110958719 186.211611
00000000 186.74401615303557 186.744016
01000000 186.94062884385525 186.940629
00000000 187.5632474378436 187.563247
01000000 187.56339110726614 187.563391
00000000 187.56730648690717 187.567306
01000000 187.7230121799399 187.723012
00000000 188.3906719136519 188.390672
01000000 188.39475020138545 188.394750
00000000 188.39482312215068 188.394823
01000000 188.58725667737 188.587257
00000000 188.58742610178624 188.587426
01000000 188.58748723110855 188.587487
00000000 189.22212782172332 189.222128
01000000 189.2222618718109 189.222262
00000000 189.22231865691742 189.222319
01000000 189.41475531514806 189.414755
00000000 189.9225538031127 189.922554
01000000 189.92269064591042 189.922691
00000000 189.92659609591533 189.926596
01000000 189.9266988055889 189.926699
00000000 189.92675745250222 189.926757
01000000 189.92681516851215 189.926815
00000000 189.9307147227956 189.930715
01000000 189.93080439982177 189.930804
00000000 189.9308621158317 189.930862
01000000 189.93091610822808 189.930916
00000000 189.9348184552217 189.934818
01000000 189.93492861212235 189.934929
00000000 189.9349866384334 189.934987
00000010 190.25032023076474 190.250320
00000000 191.7946135447684 191.794614
00001000 193.12987343437567 193.129873
00001001 193.13408515159452 193.134085
00001111 193.1341670710925 193.134167
00011111 193.13422509740354 193.134225
00111111 193.1342843649191 193.134284
